0127:
0.5341 0.5832 0.5576
0.4476 0.5049 0.4745

0227:
0.5341 0.5832 0.5576
0.4476 0.5049 0.4745

0327:
0.5313 0.5816 0.5553
0.4463 0.5078 0.4751

0427:
0.5340 0.5830 0.5574
0.4488 0.5052 0.4753

0527:
0.5354 0.5851 0.5592
0.4485 0.5056 0.4754

0627:
0.5338 0.5848 0.5581
0.4477 0.5074 0.4757

------------------------------------

0325:
0.5354 0.5864 0.5597
0.4479 0.5071 0.4756

0326:
0.5325 0.5814 0.5558
0.4484 0.5060 0.4755

0327:
0.5313 0.5816 0.5553
0.4463 0.5078 0.4751

0328:
0.5328 0.5813 0.5560
0.4474 0.5055 0.4747

0329:
0.5338 0.5840 0.5578
0.4484 0.5091 0.4768

0330:
0.5335 0.5851 0.5581
0.4471 0.5043 0.4740
